UNITS=MM
#Layer_Color=9474304
#
#Feature symbol names
#
$0 r127

#
#Feature attribute names
#

#
#Layer features
#
L -0.0999998 -16.74999952 -0.0999998 -16.45000012 0 P 0
L -0.2499995 -16.59999982 0.0499999 -16.59999982 0 P 0
L -0.2499995 18.050002 -0.2499995 19.4499992 0 P 0
L -0.2499995 23.55000116 -0.2499995 24.94999836 0 P 0
L -0.499999 9.21500062 -0.499999 10.86499986 0 P 0
L -0.499999 13.17500032 -0.499999 14.82499956 0 P 0
L -0.62500002 -24.68740046 -0.62500002 -24.38740106 0 P 0
L -0.77499972 -24.53740076 -0.47500032 -24.53740076 0 P 0
L -0.9499981 18.7500006 0.4499991 18.7500006 0 P 0
L -0.9499981 24.24999976 0.4499991 24.24999976 0 P 0
L -1.00000054 21.94999928 -1.00000054 22.24999868 0 P 0
L -1.15000024 22.09999898 -0.85000084 22.09999898 0 P 0
L -1.32499862 10.04000024 0.32500062 10.04000024 0 P 0
L -1.32499862 13.99999994 0.32500062 13.99999994 0 P 0
L -1.71249848 -8.94999734 -1.71249848 -8.64999794 0 P 0
L -1.72500036 -12.58739926 -1.72500036 -12.28739986 0 P 0
L -1.86249818 -8.79999764 -1.56249878 -8.79999764 0 P 0
L -1.87500006 -12.43739956 -1.57500066 -12.43739956 0 P 0
L -2.00000108 17.60000036 -2.00000108 17.89999976 0 P 0
L -2.15000078 17.75000006 -1.85000138 17.75000006 0 P 0
L -2.40000028 -8.14999894 -2.40000028 -7.84999954 0 P 0
L -2.54999998 -7.99999924 -2.25000058 -7.99999924 0 P 0
L -3.05892454 -15.31979664 -3.05892454 -15.01979724 0 P 0
L -3.20892424 -15.16979694 -2.90892484 -15.16979694 0 P 0
L -3.80000002 -24.84999856 -3.80000002 -24.54999916 0 P 0
L -3.89999982 22.30166228 -3.89999982 22.60166168 0 P 0
L -3.90000236 -8.84999754 -3.90000236 -8.54999814 0 P 0
L -3.9249985 -20.34999994 -3.9249985 -20.05000054 0 P 0
L -3.94999972 -24.69999886 -3.65000032 -24.69999886 0 P 0
L -4.04999952 22.45166198 -3.75000012 22.45166198 0 P 0
L -4.05000206 -8.69999784 -3.75000266 -8.69999784 0 P 0
L -4.0749982 -20.20000024 -3.7749988 -20.20000024 0 P 0
L -4.39999882 -22.04999908 -4.39999882 -21.74999968 0 P 0
L -4.53890888 -16.68890998 -4.53890888 -16.38891058 0 P 0
L -4.54999852 -21.89999938 -4.24999912 -21.89999938 0 P 0
L -4.68890858 -16.53891028 -4.38890918 -16.53891028 0 P 0
L -4.8365664 19.44085774 -4.8365664 19.74085714 0 P 0
L -4.90000036 -23.34999902 -4.90000036 -23.04999962 0 P 0
L -4.9865661 19.59085744 -4.6865667 19.59085744 0 P 0
L -5.05000006 -23.19999932 -4.75000066 -23.19999932 0 P 0
L -5.2500022 -15.20000262 -5.2500022 -14.90000322 0 P 0
L -5.4000019 -15.05000292 -5.1000025 -15.05000292 0 P 0
L -6.0000007 -5.9500008 -6.0000007 -5.6500014 0 P 0
L -6.0000007 -12.7499999 -6.0000007 -12.4500005 0 P 0
L -6.0000007 -20.25000014 -6.0000007 -19.95000074 0 P 0
L -6.0000007 8.65000048 -6.0000007 8.94999988 0 P 0
L -6.1500004 -5.8000011 -5.850001 -5.8000011 0 P 0
L -6.1500004 -12.6000002 -5.850001 -12.6000002 0 P 0
L -6.1500004 -20.10000044 -5.850001 -20.10000044 0 P 0
L -6.1500004 8.80000018 -5.850001 8.80000018 0 P 0
L -6.3999999 20.34999994 -6.3999999 20.64999934 0 P 0
L -6.4999997 13.55000084 -6.4999997 13.85000024 0 P 0
L -6.5499996 20.49999964 -6.2500002 20.49999964 0 P 0
L -6.6499994 13.70000054 -6.35 13.70000054 0 P 0
L -6.84896776 -14.20103078 -6.84896776 -13.90103138 0 P 0
L -6.8999989 -7.15000094 -6.8999989 -6.85000154 0 P 0
L -6.98749936 21.83750268 -6.98749936 22.13750208 0 P 0
L -6.99896746 -14.05103108 -6.69896806 -14.05103108 0 P 0
L -7.0499986 -7.00000124 -6.7499992 -7.00000124 0 P 0
L -7.10000104 15.75000152 -7.10000104 16.05000092 0 P 0
L -7.10000104 20.54999954 -7.10000104 20.84999894 0 P 0
L -7.13749906 21.98750238 -6.83749966 21.98750238 0 P 0
L -7.25000074 15.90000122 -6.95000134 15.90000122 0 P 0
L -7.25000074 20.69999924 -6.95000134 20.69999924 0 P 0
L -7.966075 10.70774084 -7.966075 11.00774024 0 P 0
L -8.1160747 10.85774054 -7.8160753 10.85774054 0 P 0
L -8.50000078 22.45000082 -8.50000078 22.75000022 0 P 0
L -8.65000048 22.60000052 -8.35000108 22.60000052 0 P 0
L -9.29999918 7.74999974 -9.29999918 8.04999914 0 P 0
L -9.44999888 -17.24000108 -9.44999888 -16.94000168 0 P 0
L -9.44999888 7.89999944 -9.14999948 7.89999944 0 P 0
L -9.59999858 -17.09000138 -9.29999918 -17.09000138 0 P 0
L -10.39999952 19.85000094 -10.39999952 20.15000034 0 P 0
L -10.54999922 20.00000064 -10.24999982 20.00000064 0 P 0
L -11.74999936 -6.91500014 -11.74999936 -5.2650009 0 P 0
L -11.74999936 -10.87499984 -11.74999936 -9.2250006 0 P 0
L -11.99999886 -15.49999694 -11.99999886 -14.09999974 0 P 0
L -11.99999886 -20.9999961 -11.99999886 -19.5999989 0 P 0
L -12.2500009 13.50999838 -12.2500009 14.90999558 0 P 0
L -12.2500009 19.00999754 -12.2500009 20.40999474 0 P 0
L -12.5000004 4.67499954 -12.5000004 6.32499878 0 P 0
L -12.5000004 8.6349967 -12.5000004 10.28499594 0 P 0
L -12.57499898 -6.09000052 -10.92499974 -6.09000052 0 P 0
L -12.57499898 -10.05000022 -10.92499974 -10.05000022 0 P 0
L -12.69999746 -14.79999834 -11.30000026 -14.79999834 0 P 0
L -12.69999746 -20.2999975 -11.30000026 -20.2999975 0 P 0
L -12.9499995 14.20999698 -11.5500023 14.20999698 0 P 0
L -12.9499995 19.70999614 -11.5500023 19.70999614 0 P 0
L -13.03935924 -16.23149408 -13.03935924 -15.93149468 0 P 0
L -13.18935894 -16.08149438 -12.88935954 -16.08149438 0 P 0
L -13.25259986 -12.1500011 -13.25259986 -11.8500017 0 P 0
L -13.32500002 5.49999916 -11.67500078 5.49999916 0 P 0
L -13.32500002 9.45999632 -11.67500078 9.45999632 0 P 0
L -13.40259956 -12.0000014 -13.10260016 -12.0000014 0 P 0
L -13.80000034 15.54999938 -13.80000034 15.84999878 0 P 0
L -13.85000024 -20.7400017 -13.85000024 -20.4400023 0 P 0
L -13.95000004 15.69999908 -13.65000064 15.69999908 0 P 0
L -13.99999994 -20.590002 -13.70000054 -20.590002 0 P 0
L -14.09999974 16.35000032 -14.09999974 16.64999972 0 P 0
L -14.24999944 16.50000002 -13.95000004 16.50000002 0 P 0
L -14.95000058 -8.29999864 -14.95000058 -7.99999924 0 P 0
L -15.10000028 -8.14999894 -14.80000088 -8.14999894 0 P 0
L -15.90000122 16.84999932 -15.90000122 17.14999872 0 P 0
L -16.05000092 16.99999902 -15.75000152 16.99999902 0 P 0
L -16.28392476 -11.5977416 -16.28392476 -11.2977422 0 P 0
L -16.43392446 -11.4477419 -16.13392506 -11.4477419 0 P 0
L -16.50000002 4.65000086 -16.50000002 4.95000026 0 P 0
L -16.58020052 -4.28999904 -16.58020052 -3.98999964 0 P 0
L -16.64999972 -8.84999754 -16.64999972 -8.54999814 0 P 0
L -16.64999972 4.80000056 -16.35000032 4.80000056 0 P 0
L -16.73020022 -4.13999934 -16.43020082 -4.13999934 0 P 0
L -16.79999942 -8.69999784 -16.50000002 -8.69999784 0 P 0
L -16.99999902 -20.94999874 -16.99999902 -20.64999934 0 P 0
L -17.01715926 -6.84999392 -17.01715926 -6.54999452 0 P 0
L -17.14999872 -16.2497516 -17.14999872 -15.9497522 0 P 0
L -17.14999872 -20.79999904 -16.84999932 -20.79999904 0 P 0
L -17.16715896 -6.69999422 -16.86715956 -6.69999422 0 P 0
L -17.20000116 -18.54999846 -17.20000116 -18.24999906 0 P 0
L -17.29999842 -16.0997519 -16.99999902 -16.0997519 0 P 0
L -17.35000086 -18.39999876 -17.05000146 -18.39999876 0 P 0
L -17.94999712 -15.20000262 -17.94999712 -14.90000322 0 P 0
L -18.09999682 -15.05000292 -17.79999742 -15.05000292 0 P 0
L -19.09999736 6.04999806 -19.09999736 6.34999746 0 P 0
L -19.09999736 7.0499986 -19.09999736 7.349998 0 P 0
L -19.09999736 9.04999714 -19.09999736 9.34999654 0 P 0
L -19.0999999 8.04999914 -19.0999999 8.34999854 0 P 0
L -19.0999999 10.05000022 -19.0999999 10.34999962 0 P 0
L -19.24999706 6.19999776 -18.94999766 6.19999776 0 P 0
L -19.24999706 7.1999983 -18.94999766 7.1999983 0 P 0
L -19.24999706 9.19999684 -18.94999766 9.19999684 0 P 0
L -19.2499996 8.19999884 -18.9500002 8.19999884 0 P 0
L -19.2499996 10.19999992 -18.9500002 10.19999992 0 P 0
L -19.3999993 -7.84999954 -19.3999993 -7.55000014 0 P 0
L -19.549999 -7.69999984 -19.2499996 -7.69999984 0 P 0
L -19.68406528 -19.67338458 -19.68406528 -18.87338618 0 P 0
L -19.68406528 18.87338618 -19.68406528 19.67338458 0 P 0
L -20.08406448 -19.27338538 -19.28406608 -19.27338538 0 P 0
L -20.08406448 19.27338538 -19.28406608 19.27338538 0 P 0
L -20.47500096 -18.59999836 -20.47500096 -17.79999996 0 P 0
L -20.47500096 17.79999996 -20.47500096 18.59999836 0 P 0
L -20.87500016 -18.19999916 -20.07500176 -18.19999916 0 P 0
L -20.87500016 18.19999916 -20.07500176 18.19999916 0 P 0
L -21.40000038 -17.70000016 -21.40000038 -16.90000176 0 P 0
L -21.40000038 16.90000176 -21.40000038 17.70000016 0 P 0
L -21.79999958 -17.30000096 -21.00000118 -17.30000096 0 P 0
L -21.79999958 17.30000096 -21.00000118 17.30000096 0 P 0
L -23.50000126 -6.7499992 -23.50000126 -6.4499998 0 P 0
L -23.65000096 -6.5999995 -23.35000156 -6.5999995 0 P 0
L -41.19999888 18.4000013 -41.19999888 19.1999997 0 P 0
L -41.19999888 19.60000144 -41.19999888 20.39999984 0 P 0
L -41.19999888 20.80000158 -41.19999888 21.59999998 0 P 0
L -41.59999808 18.8000005 -40.79999968 18.8000005 0 P 0
L -41.59999808 20.00000064 -40.79999968 20.00000064 0 P 0
L -41.59999808 21.20000078 -40.79999968 21.20000078 0 P 0
L -42.19999942 -13.7999978 -42.19999942 -12.9999994 0 P 0
L -42.19999942 -14.99999794 -42.19999942 -14.19999954 0 P 0
L -42.19999942 -16.19999808 -42.19999942 -15.39999968 0 P 0
L -42.59999862 -13.3999986 -41.80000022 -13.3999986 0 P 0
L -42.59999862 -14.59999874 -41.80000022 -14.59999874 0 P 0
L -42.59999862 -15.79999888 -41.80000022 -15.79999888 0 P 0
L -44.2000005 10.26499852 -44.2000005 11.13499932 0 P 0
L -44.2000005 12.2649996 -44.2000005 13.1350004 0 P 0
L -44.2000005 14.26500068 -44.2000005 15.13500148 0 P 0
L -44.2000005 16.26499922 -44.2000005 17.13500002 0 P 0
L -44.2000005 18.2650003 -44.2000005 19.1350011 0 P 0
L -44.2000005 20.26499884 -44.2000005 21.13499964 0 P 0
L -44.6350009 10.69999892 -43.7650001 10.69999892 0 P 0
L -44.6350009 12.7 -43.7650001 12.7 0 P 0
L -44.6350009 14.70000108 -43.7650001 14.70000108 0 P 0
L -44.6350009 16.69999962 -43.7650001 16.69999962 0 P 0
L -44.6350009 18.7000007 -43.7650001 18.7000007 0 P 0
L -44.6350009 20.69999924 -43.7650001 20.69999924 0 P 0
L -45.89999964 21.64999988 -45.89999964 22.74999768 0 P 0
L -46.44999854 22.19999878 -45.35000074 22.19999878 0 P 0
L -49.79999946 31.4000007 -49.79999946 32.1999991 0 P 0
L -50.19999866 31.7999999 -49.40000026 31.7999999 0 P 0
L -50.9999996 31.4000007 -50.9999996 32.1999991 0 P 0
L -51.3999988 31.7999999 -50.6000004 31.7999999 0 P 0
L -51.8999978 -7.94999934 -51.8999978 -7.64999994 0 P 0
L -51.8999978 -8.94999988 -51.8999978 -8.65000048 0 P 0
L -51.9999976 -24.05000016 -51.9999976 -23.75000076 0 P 0
L -51.9999976 -25.0500007 -51.9999976 -24.7500013 0 P 0
L -52.0499975 -7.79999964 -51.7499981 -7.79999964 0 P 0
L -52.0499975 -8.80000018 -51.7499981 -8.80000018 0 P 0
L -52.1499973 -23.90000046 -51.8499979 -23.90000046 0 P 0
L -52.1499973 -24.900001 -51.8499979 -24.900001 0 P 0
L -52.19999974 -0.6499987 -52.19999974 0.4499991 0 P 0
L -52.19999974 31.4000007 -52.19999974 32.1999991 0 P 0
L -52.29999954 -16.74999952 -52.29999954 -15.65000172 0 P 0
L -52.29999954 3.40000082 -52.29999954 4.19999922 0 P 0
L -52.29999954 5.8000011 -52.29999954 6.5999995 0 P 0
L -52.59999894 31.7999999 -51.80000054 31.7999999 0 P 0
L -52.69999874 3.80000002 -51.90000034 3.80000002 0 P 0
L -52.69999874 6.2000003 -51.90000034 6.2000003 0 P 0
L -52.74999864 -0.0999998 -51.65000084 -0.0999998 0 P 0
L -52.84999844 -16.20000062 -51.75000064 -16.20000062 0 P 0
L -53.49999968 3.40000082 -53.49999968 4.19999922 0 P 0
L -53.49999968 5.8000011 -53.49999968 6.5999995 0 P 0
L -53.69999928 -2.23499934 -53.69999928 -1.36499854 0 P 0
L -53.79999908 -18.33500016 -53.79999908 -17.46499936 0 P 0
L -53.89999888 3.80000002 -53.10000048 3.80000002 0 P 0
L -53.89999888 6.2000003 -53.10000048 6.2000003 0 P 0
L -54.13499968 -1.79999894 -53.26499888 -1.79999894 0 P 0
L -54.23499948 -17.89999976 -53.36499868 -17.89999976 0 P 0
L -54.69999982 3.40000082 -54.69999982 4.19999922 0 P 0
L -54.69999982 5.8000011 -54.69999982 6.5999995 0 P 0
L -54.99999922 29.49200096 -54.99999922 30.50800096 0 P 0
L -55.09999902 3.80000002 -54.30000062 3.80000002 0 P 0
L -55.09999902 6.2000003 -54.30000062 6.2000003 0 P 0
L -55.50799922 30.00000096 -54.49199922 30.00000096 0 P 0
L -55.70000036 -2.23499934 -55.70000036 -1.36499854 0 P 0
L -55.80000016 -18.33500016 -55.80000016 -17.46499936 0 P 0
L -56.13500076 -1.79999894 -55.26499996 -1.79999894 0 P 0
L -56.23500056 -17.89999976 -55.36499976 -17.89999976 0 P 0
L -57.70000144 -2.23499934 -57.70000144 -1.36499854 0 P 0
L -57.80000124 -18.33500016 -57.80000124 -17.46499936 0 P 0
L -58.13500184 -1.79999894 -57.26500104 -1.79999894 0 P 0
L -58.23500164 -17.89999976 -57.36500084 -17.89999976 0 P 0
L -58.64999954 14.75000098 -58.64999954 15.05000038 0 P 0
L -58.64999954 16.35000032 -58.64999954 16.64999972 0 P 0
L -58.79999924 14.90000068 -58.49999984 14.90000068 0 P 0
L -58.79999924 16.50000002 -58.49999984 16.50000002 0 P 0
L -58.99999884 29.49200096 -58.99999884 30.50800096 0 P 0
L -59.50799884 30.00000096 -58.49199884 30.00000096 0 P 0
L -59.69999998 -2.23499934 -59.69999998 -1.36499854 0 P 0
L -59.79999978 -18.33500016 -59.79999978 -17.46499936 0 P 0
L -60.13500038 -1.79999894 -59.26499958 -1.79999894 0 P 0
L -60.23500018 -17.89999976 -59.36499938 -17.89999976 0 P 0
L -62.39999966 12.1649998 -62.39999966 13.0350006 0 P 0
L -62.39999966 14.16499834 -62.39999966 15.03499914 0 P 0
L -62.39999966 16.16499942 -62.39999966 17.03500022 0 P 0
L -62.39999966 18.1650005 -62.39999966 19.0350013 0 P 0
L -62.83500006 12.6000002 -61.96499926 12.6000002 0 P 0
L -62.83500006 14.59999874 -61.96499926 14.59999874 0 P 0
L -62.83500006 16.59999982 -61.96499926 16.59999982 0 P 0
L -62.83500006 18.6000009 -61.96499926 18.6000009 0 P 0
L -64.0999988 19.55000154 -64.0999988 20.64999934 0 P 0
L -64.6499977 20.10000044 -63.5499999 20.10000044 0 P 0
L 0.52500276 -18.7473971 1.92499996 -18.7473971 0 P 0
L 0.52500276 -24.24739626 1.92499996 -24.24739626 0 P 0
L 0.65000124 -10.03739928 2.30000048 -10.03739928 0 P 0
L 0.65000124 -13.99739644 2.30000048 -13.99739644 0 P 0
L 1.04711246 21.70166348 1.34711186 21.70166348 0 P 0
L 1.19711216 21.55166378 1.19711216 21.85166318 0 P 0
L 1.22500136 -19.4473957 1.22500136 -18.0473985 0 P 0
L 1.22500136 -24.94739486 1.22500136 -23.54739766 0 P 0
L 1.45000218 24.54000426 1.75000158 24.54000426 0 P 0
L 1.47500086 -10.8623989 1.47500086 -9.21239966 0 P 0
L 1.47500086 -14.82239606 1.47500086 -13.17239682 0 P 0
L 1.60000188 24.39000456 1.60000188 24.69000396 0 P 0
L 2.55000252 12.44000306 2.85000192 12.44000306 0 P 0
L 2.70000222 12.29000336 2.70000222 12.59000276 0 P 0
L 2.74999958 -17.79999996 3.04999898 -17.79999996 0 P 0
L 2.89999928 -17.94999966 2.89999928 -17.65000026 0 P 0
L 2.9499941 -23.39999892 3.2499935 -23.39999892 0 P 0
L 3.0999938 -23.54999862 3.0999938 -23.24999922 0 P 0
L 3.55000052 -25.4999998 3.84999992 -25.4999998 0 P 0
L 3.70000022 -25.6499995 3.70000022 -25.3500001 0 P 0
L 3.77740164 16.83981392 4.07740104 16.83981392 0 P 0
L 3.92740134 16.68981422 3.92740134 16.98981362 0 P 0
L 4.04999952 -21.37499662 4.34999892 -21.37499662 0 P 0
L 4.04999952 -23.29999912 4.34999892 -23.29999912 0 P 0
L 4.19999922 -21.52499632 4.19999922 -21.22499692 0 P 0
L 4.19999922 -23.44999882 4.19999922 -23.14999942 0 P 0
L 4.75000066 17.70000016 5.05000006 17.70000016 0 P 0
L 4.75000066 20.59085544 5.05000006 20.59085544 0 P 0
L 4.85000046 15.20000008 5.14999986 15.20000008 0 P 0
L 4.85000046 25.6999994 5.14999986 25.6999994 0 P 0
L 4.90000036 17.55000046 4.90000036 17.84999986 0 P 0
L 4.90000036 20.44085574 4.90000036 20.74085514 0 P 0
L 5.00000016 15.05000038 5.00000016 15.34999978 0 P 0
L 5.00000016 25.5499997 5.00000016 25.8499991 0 P 0
L 5.2124991 -23.3490008 6.20749838 -23.3490008 0 P 0
L 5.2124991 -25.3810008 6.20749838 -25.3810008 0 P 0
L 5.4000019 -6.6999993 6.2000003 -6.6999993 0 P 0
L 5.54999906 -21.52499886 5.84999846 -21.52499886 0 P 0
L 5.69999876 -21.67499856 5.69999876 -21.37499916 0 P 0
L 5.70999874 -23.84650044 5.70999874 -22.85150116 0 P 0
L 5.70999874 -25.87850044 5.70999874 -24.88350116 0 P 0
L 5.71250064 22.86899922 6.70749992 22.86899922 0 P 0
L 5.71250064 24.90099922 6.70749992 24.90099922 0 P 0
L 5.74999866 14.8281136 6.04999806 14.8281136 0 P 0
L 5.7500012 8.30000118 6.0500006 8.30000118 0 P 0
L 5.8000011 -7.0999985 5.8000011 -6.3000001 0 P 0
L 5.82500232 -14.29999934 6.12500172 -14.29999934 0 P 0
L 5.850001 -18.6000009 6.1500004 -18.6000009 0 P 0
L 5.89999836 14.6781139 5.89999836 14.9781133 0 P 0
L 5.9000009 8.15000148 5.9000009 8.45000088 0 P 0
L 5.92239608 -16.30000042 6.22239548 -16.30000042 0 P 0
L 5.97500202 -14.44999904 5.97500202 -14.14999964 0 P 0
L 6.0000007 -14.98614732 6.3000001 -14.98614732 0 P 0
L 6.0000007 -18.7500006 6.0000007 -18.4500012 0 P 0
L 6.07239578 -16.45000012 6.07239578 -16.15000072 0 P 0
L 6.1500004 -15.13614702 6.1500004 -14.83614762 0 P 0
L 6.21000028 22.37149958 6.21000028 23.36649886 0 P 0
L 6.21000028 24.40349958 6.21000028 25.39849886 0 P 0
L 6.32500132 -11.59999966 6.62500072 -11.59999966 0 P 0
L 6.35 13.70000054 6.6499994 13.70000054 0 P 0
L 6.47500102 -11.74999936 6.47500102 -11.44999996 0 P 0
L 6.4999997 13.55000084 6.4999997 13.85000024 0 P 0
L 6.60000204 -5.29999956 7.40000044 -5.29999956 0 P 0
L 6.6499994 16.50000002 6.9499988 16.50000002 0 P 0
L 6.7499992 21.40000038 7.0499986 21.40000038 0 P 0
L 6.7999991 16.35000032 6.7999991 16.64999972 0 P 0
L 6.85000408 -17.25000106 7.15000348 -17.25000106 0 P 0
L 6.8999989 21.25000068 6.8999989 21.55000008 0 P 0
L 6.90000144 -8.5969094 7.20000084 -8.5969094 0 P 0
L 7.00000124 -5.69999876 7.00000124 -4.90000036 0 P 0
L 7.00000378 -17.40000076 7.00000378 -17.10000136 0 P 0
L 7.05000114 -8.7469091 7.05000114 -8.4469097 0 P 0
L 7.11380848 -14.24999944 7.41380788 -14.24999944 0 P 0
L 7.15000094 25.6999994 7.45000034 25.6999994 0 P 0
L 7.26380818 -14.39999914 7.26380818 -14.09999974 0 P 0
L 7.30000064 25.5499997 7.30000064 25.8499991 0 P 0
L 7.55000014 -13.10718232 7.84999954 -13.10718232 0 P 0
L 7.64999994 -13.80000034 7.94999934 -13.80000034 0 P 0
L 7.64999994 21.40000038 7.94999934 21.40000038 0 P 0
L 7.69999984 -13.25718202 7.69999984 -12.95718262 0 P 0
L 7.79999964 -13.95000004 7.79999964 -13.65000064 0 P 0
L 7.79999964 21.25000068 7.79999964 21.55000008 0 P 0
L 8.09999904 -25.0000008 8.39999844 -25.0000008 0 P 0
L 8.15000148 -21.50000018 8.45000088 -21.50000018 0 P 0
L 8.24999874 -25.1500005 8.24999874 -24.8500011 0 P 0
L 8.30000118 -21.64999988 8.30000118 -21.35000048 0 P 0
L 8.85606814 19.99393004 9.15606754 19.99393004 0 P 0
L 8.94999988 -10.59999912 9.24999928 -10.59999912 0 P 0
L 9.00606784 19.84393034 9.00606784 20.14392974 0 P 0
L 9.09999958 -10.74999882 9.09999958 -10.44999942 0 P 0
L 9.14999948 -20.21865146 9.44999888 -20.21865146 0 P 0
L 9.15000202 16.40000022 9.45000142 16.40000022 0 P 0
L 9.24999928 15.29999988 9.54999868 15.29999988 0 P 0
L 9.28826692 19.44329106 9.58826632 19.44329106 0 P 0
L 9.29999918 -20.36865116 9.29999918 -20.06865176 0 P 0
L 9.30000172 13.70000054 9.60000112 13.70000054 0 P 0
L 9.30000172 16.25000052 9.30000172 16.54999992 0 P 0
L 9.34999908 17.99999956 9.64999848 17.99999956 0 P 0
L 9.36999904 -25.0000008 9.66999844 -25.0000008 0 P 0
L 9.39999898 15.15000018 9.39999898 15.44999958 0 P 0
L 9.43826662 19.29329136 9.43826662 19.59329076 0 P 0
L 9.45000142 13.55000084 9.45000142 13.85000024 0 P 0
L 9.49999878 17.84999986 9.49999878 18.14999926 0 P 0
L 9.51999874 -25.1500005 9.51999874 -24.8500011 0 P 0
L 9.64795886 -13.70718112 9.94795826 -13.70718112 0 P 0
L 9.79795856 -13.85718082 9.79795856 -13.55718142 0 P 0
L 9.80000072 -21.50000018 10.10000012 -21.50000018 0 P 0
L 9.85000062 -17.20000116 10.15000002 -17.20000116 0 P 0
L 9.88217734 24.5324884 10.18217674 24.5324884 0 P 0
L 9.95000042 -21.64999988 9.95000042 -21.35000048 0 P 0
L 10.00000032 -17.35000086 10.00000032 -17.05000146 0 P 0
L 10.03217704 24.3824887 10.03217704 24.6824881 0 P 0
L 10.12442222 14.3255746 10.42442162 14.3255746 0 P 0
L 10.15000002 -15.49999948 10.44999942 -15.49999948 0 P 0
L 10.25000236 -18.39999876 10.55000176 -18.39999876 0 P 0
L 10.27442192 14.1755749 10.27442192 14.4755743 0 P 0
L 10.2924991 -24.3650008 11.28749838 -24.3650008 0 P 0
L 10.29999972 -15.64999918 10.29999972 -15.34999978 0 P 0
L 10.40000206 -18.54999846 10.40000206 -18.24999906 0 P 0
L 10.50666682 18.96464076 10.80666622 18.96464076 0 P 0
L 10.62500034 22.19999878 10.92499974 22.19999878 0 P 0
L 10.65000156 -21.8750007 10.95000096 -21.8750007 0 P 0
L 10.65666652 18.81464106 10.65666652 19.11464046 0 P 0
L 10.77500004 22.04999908 10.77500004 22.34999848 0 P 0
L 10.78999874 -24.86250044 10.78999874 -23.86750116 0 P 0
L 10.79250064 23.88499922 11.78749992 23.88499922 0 P 0
L 10.80000126 -22.0250004 10.80000126 -21.725001 0 P 0
L 10.85000116 -17.25000106 11.15000056 -17.25000106 0 P 0
L 10.8522389 13.4977632 11.1522383 13.4977632 0 P 0
L 10.95000096 20.59085544 11.25000036 20.59085544 0 P 0
L 11.00000086 -17.40000076 11.00000086 -17.10000136 0 P 0
L 11.0022386 13.3477635 11.0022386 13.6477629 0 P 0
L 11.0658783 -16.58412228 11.3658777 -16.58412228 0 P 0
L 11.10000066 20.44085574 11.10000066 20.74085514 0 P 0
L 11.215878 -16.73412198 11.215878 -16.43412258 0 P 0
L 11.29000028 23.38749958 11.29000028 24.38249886 0 P 0
L 11.3860199 -18.91811812 11.6860193 -18.91811812 0 P 0
L 11.5000024 -22.7328476 11.8000018 -22.7328476 0 P 0
L 11.5360196 -19.06811782 11.5360196 -18.76811842 0 P 0
L 11.54999976 15.20000008 11.84999916 15.20000008 0 P 0
L 11.62920204 13.47251814 11.92920144 13.47251814 0 P 0
L 11.64999956 20.59085544 11.94999896 20.59085544 0 P 0
L 11.6500021 -22.8828473 11.6500021 -22.5828479 0 P 0
L 11.69999946 15.05000038 11.69999946 15.34999978 0 P 0
L 11.77920174 13.32251844 11.77920174 13.62251784 0 P 0
L 11.79999926 20.44085574 11.79999926 20.74085514 0 P 0
L 12.2500009 -22.89999992 12.5500003 -22.89999992 0 P 0
L 12.2500009 14.46109122 12.5500003 14.46109122 0 P 0
L 12.2500009 23.54999862 12.5500003 23.54999862 0 P 0
L 12.3500007 -10.69999892 12.6500001 -10.69999892 0 P 0
L 12.3500007 -19.0999999 12.6500001 -19.0999999 0 P 0
L 12.4000006 -23.04999962 12.4000006 -22.75000022 0 P 0
L 12.4000006 14.31109152 12.4000006 14.61109092 0 P 0
L 12.4000006 23.39999892 12.4000006 23.69999832 0 P 0
L 12.4500005 13.36109342 12.7499999 13.36109342 0 P 0
L 12.5000004 -10.84999862 12.5000004 -10.54999922 0 P 0
L 12.5000004 -19.2499996 12.5000004 -18.9500002 0 P 0
L 12.6000002 13.21109372 12.6000002 13.51109312 0 P 0
L 12.62616474 -12.967335 12.92616414 -12.967335 0 P 0
L 12.7499999 22.40000092 13.0499993 22.40000092 0 P 0
L 12.77616444 -13.1173347 12.77616444 -12.8173353 0 P 0
L 12.8999996 22.25000122 12.8999996 22.55000062 0 P 0
L 12.94999442 23.55203824 13.24999382 23.55203824 0 P 0
L 12.95103582 -15.43412458 13.25103522 -15.43412458 0 P 0
L 12.97500072 -13.70000054 13.27500012 -13.70000054 0 P 0
L 13.05000438 -1.69999914 14.15000218 -1.69999914 0 P 0
L 13.09999412 23.40203854 13.09999412 23.70203794 0 P 0
L 13.10103552 -15.58412428 13.10103552 -15.28412488 0 P 0
L 13.12500042 -13.85000024 13.12500042 -13.55000084 0 P 0
L 13.3499987 -20.89497218 13.6499981 -20.89497218 0 P 0
L 13.42344534 18.9500002 13.72344474 18.9500002 0 P 0
L 13.4999984 -21.04497188 13.4999984 -20.74497248 0 P 0
L 13.57344504 18.8000005 13.57344504 19.0999999 0 P 0
L 13.60000328 -2.24999804 13.60000328 -1.15000024 0 P 0
L 14.14999964 16.00000102 14.44999904 16.00000102 0 P 0
L 14.14999964 17.40000076 14.44999904 17.40000076 0 P 0
L 14.29999934 15.85000132 14.29999934 16.15000072 0 P 0
L 14.29999934 17.25000106 14.29999934 17.55000046 0 P 0
L 14.44999904 -16.69999962 14.74999844 -16.69999962 0 P 0
L 14.44999904 -18.3500014 14.74999844 -18.3500014 0 P 0
L 14.50000148 -22.30000112 14.80000088 -22.30000112 0 P 0
L 14.59999874 -16.84999932 14.59999874 -16.54999992 0 P 0
L 14.59999874 -18.5000011 14.59999874 -18.2000017 0 P 0
L 14.65000118 -22.45000082 14.65000118 -22.15000142 0 P 0
L 14.66499988 0 15.53500068 0 0 P 0
L 14.85000078 -14.39999914 15.15000018 -14.39999914 0 P 0
L 15.00000048 -14.54999884 15.00000048 -14.24999944 0 P 0
L 15.10000028 -0.4350004 15.10000028 0.4350004 0 P 0
L 15.24999998 18.9000003 15.54999938 18.9000003 0 P 0
L 15.24999998 22.09999898 15.54999938 22.09999898 0 P 0
L 15.39999968 18.7500006 15.39999968 19.05 0 P 0
L 15.39999968 21.94999928 15.39999968 22.24999868 0 P 0
L 15.41458944 17.39999822 15.71458884 17.39999822 0 P 0
L 15.44999958 -21.59999998 15.74999898 -21.59999998 0 P 0
L 15.55388558 19.5305934 15.85388498 19.5305934 0 P 0
L 15.56458914 17.24999852 15.56458914 17.54999792 0 P 0
L 15.59999928 -21.74999968 15.59999928 -21.45000028 0 P 0
L 15.64999918 -10.69999892 15.94999858 -10.69999892 0 P 0
L 15.70000162 49.59999986 19.6999987 49.59999986 0 P 0
L 15.70388528 19.3805937 15.70388528 19.6805931 0 P 0
L 15.79999888 -10.84999862 15.79999888 -10.54999922 0 P 0
L 15.85000132 -15.90000122 16.15000072 -15.90000122 0 P 0
L 15.85000132 -16.89999922 16.15000072 -16.89999922 0 P 0
L 15.85000132 4.29999902 16.15000072 4.29999902 0 P 0
L 15.89739772 -17.84739636 16.19739712 -17.84739636 0 P 0
L 15.95000112 -19.07500122 16.25000052 -19.07500122 0 P 0
L 15.95000112 -20.32500126 16.25000052 -20.32500126 0 P 0
L 16.00000102 -16.05000092 16.00000102 -15.75000152 0 P 0
L 16.00000102 -17.04999892 16.00000102 -16.74999952 0 P 0
L 16.00000102 4.14999932 16.00000102 4.44999872 0 P 0
L 16.04739742 -17.99739606 16.04739742 -17.69739666 0 P 0
L 16.05000092 2.00000108 16.35000032 2.00000108 0 P 0
L 16.07573366 -14.40000168 16.37573306 -14.40000168 0 P 0
L 16.10000082 -19.22500092 16.10000082 -18.92500152 0 P 0
L 16.10000082 -20.47500096 16.10000082 -20.17500156 0 P 0
L 16.20000062 1.85000138 16.20000062 2.15000078 0 P 0
L 16.21716086 20.2499976 16.51716026 20.2499976 0 P 0
L 16.22573336 -14.55000138 16.22573336 -14.25000198 0 P 0
L 16.36716056 20.0999979 16.36716056 20.3999973 0 P 0
L 16.66500096 0 17.53500176 0 0 P 0
L 17.10000136 -0.4350004 17.10000136 0.4350004 0 P 0
L 17.70000016 47.60000132 17.70000016 51.5999984 0 P 0
L 17.75000006 16.89999922 18.04999946 16.89999922 0 P 0
L 17.89999976 16.74999952 17.89999976 17.04999892 0 P 0
L 18.6500008 17.83537454 18.9500002 17.83537454 0 P 0
L 18.6624976 -15.69999908 18.962497 -15.69999908 0 P 0
L 18.66500204 0 19.53500284 0 0 P 0
L 18.8000005 17.68537484 18.8000005 17.98537424 0 P 0
L 18.8124973 -15.84999878 18.8124973 -15.54999938 0 P 0
L 19.10000244 -0.4350004 19.10000244 0.4350004 0 P 0
L 19.28406608 -19.27338538 20.08406448 -19.27338538 0 P 0
L 19.28406608 19.27338538 20.08406448 19.27338538 0 P 0
L 19.68406528 -19.67338458 19.68406528 -18.87338618 0 P 0
L 19.68406528 18.87338618 19.68406528 19.67338458 0 P 0
L 20.07500176 -18.19999916 20.87500016 -18.19999916 0 P 0
L 20.07500176 18.19999916 20.87500016 18.19999916 0 P 0
L 20.47500096 -18.59999836 20.47500096 -17.79999996 0 P 0
L 20.47500096 17.79999996 20.47500096 18.59999836 0 P 0
L 20.66500058 0 21.53500138 0 0 P 0
L 21.00000118 -17.30000096 21.79999958 -17.30000096 0 P 0
L 21.00000118 17.30000096 21.79999958 17.30000096 0 P 0
L 21.10000098 -0.4350004 21.10000098 0.4350004 0 P 0
L 21.40000038 -17.70000016 21.40000038 -16.90000176 0 P 0
L 21.40000038 16.90000176 21.40000038 17.70000016 0 P 0
L 22.66500166 0 23.53500246 0 0 P 0
L 23.10000206 -0.4350004 23.10000206 0.4350004 0 P 0
L 23.35000156 -11.00000086 23.65000096 -11.00000086 0 P 0
L 23.50000126 -11.15000056 23.50000126 -10.85000116 0 P 0
L 24.6650002 0 25.535001 0 0 P 0
L 25.1000006 -0.4350004 25.1000006 0.4350004 0 P 0
