UNITS=MM
#Layer_Color=39423
#
#Feature symbol names
#
$0 r2000.00108
$1 r99.9998

#
#Feature attribute names
#

#
#Layer features
#
A -20.15564422 -20.15564422 20.15564422 -20.15564422 0 0 0 P 0 N
A -22.4541969 17.55873044 -22.4541969 -17.55873044 0 0 0 P 0 N
A -26.12999854 58.10000064 -28.29802316 57.20197602 -26.12999854 55.0339514 0 P 0 N
A -31.39802458 32.79802432 -29.2300025 31.8999997 -29.2300025 34.9660464 0 P 0 N
A -39.40197606 46.09802312 -40.30000068 43.9299985 -37.23395144 43.9299985 0 P 0 N
A -40.30000068 42.97000042 -39.40197606 40.8019758 -37.23395144 42.97000042 0 P 0 N
A 3.09999888 0 3.09999888 0 0 0 0 P 0 N
A 10.7300014 31.8999997 12.89802602 32.79802432 10.7300014 34.96604894 0 P 0 N
A 20.15564422 20.15564422 -20.15564422 20.15564422 0 0 0 P 0 N
A 20.29802392 57.20197602 18.1299993 58.10000064 18.1299993 55.0339514 0 P 0 N
A 22.43257896 -17.58634278 22.45155784 17.5621061 0 0 0 P 0 N
A 25.00197438 44.90197268 25.899999 47.0699973 22.83394976 47.0699973 0 P 0 N
A 25.899999 50.33000094 25.00197438 52.49802556 22.83394976 50.33000094 0 P 0 N
A 27.50000088 0 27.50000088 0 0 0 1 P 0 N
L -5.09999996 31.89999716 10.7300014 31.8999997 0 P 0
L -5.09999996 58.0999981 18.09999936 58.10000064 0 P 0
L -24.00000026 -1.49999954 -24.00000026 1.49999954 0 P 0
L -26.12999854 58.10000064 -8.60000058 58.10000064 0 P 0
L -27.99999988 -1.49999954 -24.00000026 -1.49999954 0 P 0
L -27.99999988 -1.49999954 -27.99999988 1.49999954 0 P 0
L -27.99999988 0 -24.00000026 0 0 P 0
L -27.99999988 1.49999954 -24.00000026 1.49999954 0 P 0
L -28.94999798 56.5500012 -28.29802316 57.20197602 0 P 0
L -29.2300025 31.8999997 -8.60000058 31.8999997 0 P 0
L -39.40197606 40.8019758 -31.39802458 32.79802432 0 P 0
L -39.40197606 46.09802312 -28.94999798 56.5500012 0 P 0
L -39.99999874 5.00000016 -39.99999874 18.29999896 0 P 0
L -39.99999874 21.69999978 -39.99999874 33.00000004 0 P 0
L -40.30000068 42.97000042 -40.30000068 43.9299985 0 P 0
L -40.99999928 -12.8999996 -40.99999928 5.00000016 0 P 0
L -40.99999928 -35.00000112 -40.99999928 -16.30000042 0 P 0
L -40.99999928 5.00000016 -39.99999874 5.00000016 0 P 0
L -49.30000046 33.00000004 -39.99999874 33.00000004 0 P 0
L -51.80000054 5.00000016 -40.99999928 5.00000016 0 P 0
L -64.99999954 5.00000016 -55.19999882 5.00000016 0 P 0
L -64.99999954 33.00000004 -52.69999874 33.00000004 0 P 0
L 12.89802602 32.79802432 25.00197438 44.90197268 0 P 0
L 20.29802392 57.20197602 25.00197438 52.49802556 0 P 0
L 24.49999926 -6.2500002 26.74999984 -6.2500002 0 P 0
L 24.49999926 -7.74999974 26.74999984 -7.74999974 0 P 0
L 24.49999926 -9.24999928 24.49999926 -6.2500002 0 P 0
L 24.49999926 -9.24999928 26.74999984 -9.24999928 0 P 0
L 24.49999926 7.00000124 24.49999926 10.00000032 0 P 0
L 24.49999926 7.00000124 26.74999984 7.00000124 0 P 0
L 24.49999926 8.50000078 26.74999984 8.50000078 0 P 0
L 24.49999926 10.00000032 26.74999984 10.00000032 0 P 0
L 25.899999 47.0699973 25.899999 50.33000094 0 P 0
L 26.74999984 -9.24999928 26.74999984 -6.2500002 0 P 0
L 26.74999984 7.00000124 26.74999984 10.00000032 0 P 0
